Samples    E_ads_eV    bulk_nnd_Ang    site_nnd_Ang    r_d_Ang    V_ad^2    CN    site_no    epsilon_d_eV    W_d_eV    S_d_eV    K_d_eV    W_eV    IP_eV    EA_eV    f_d    f_sp    PE    DOS_d_eV^(-1)    DOS_sp_eV^(-1)  
CO_Ag_211_four-fold-s   2.417   2.985   2.965   0.89   2.26   8.5   4   -4.042   1.034   2.954   21.737   4.427   7.576   1.304   9.847   1.128   1.93   0.037   0.276   
CO_Ir_110_top   0.336   2.753   2.691   1.08   4.45   7.0   1   -1.804   2.47   0.688   4.986   5.208   9.121   1.564   7.741   1.183   2.2   1.807   0.245   
CO_AgAu_211_bridge2-s-1   2.366   2.988   2.941   0.95   2.805   7.0   2   -3.514   1.131   2.084   14.99   4.854   8.401   1.807   9.79   1.114   2.235   0.053   0.268   
CO_Au@Ni_211_fcc-s-2   0.907   2.502   2.483   0.71   1.16   8.333   3   -1.218   1.763   2.529   16.689   4.945   7.64   1.157   8.723   1.235   1.91   1.988   0.167   
CO_Pt_110_top   0.638   2.838   2.775   1.04   3.9   7.0   1   -1.882   1.911   0.735   5.687   5.549   8.959   2.125   8.894   1.081   2.28   2.378   0.241   
CO_Ni_211_bridge2-s   0.773   2.502   2.464   0.71   1.16   7.0   2   -1.158   1.645   2.703   18.313   4.945   7.64   1.157   8.86   1.141   1.91   1.873   0.218   
CO_Cu_211_fcc-t   2.27   2.603   2.593   0.67   1.0   9.667   3   -2.439   1.127   2.038   15.569   4.719   7.726   1.236   9.697   1.272   1.9   0.104   0.229   
CO_PtRh_211_bridge2-t-2   1.025   2.786   2.761   1.015   3.61   9.0   2   -1.809   2.22   1.459   8.591   5.414   8.209   1.634   8.33   1.166   2.28   2.02   0.134   
CO_Pd_211_bridge2-t   0.97   2.819   2.809   0.94   2.78   9.0   2   -1.635   1.372   0.587   4.77   5.21   8.337   0.562   9.288   0.773   2.2   2.33   0.125   
CO_Pd@Ir_211_fcc-t-2   1.425   2.753   2.738   1.08   4.45   9.667   3   -2.002   2.753   0.81   4.873   5.489   9.121   1.564   7.677   1.317   2.2   1.302   0.108   
CO_Pt@Rh_211_bridge3-s-2   0.91   2.734   2.713   0.99   3.32   8.5   2   -1.396   2.301   1.943   11.395   5.078   7.459   1.143   7.893   1.074   2.28   1.975   0.168   
CO_PtRh_211_hcp-s-1   0.911   2.769   2.744   1.007   3.513   7.667   3   -1.549   2.078   1.371   8.771   5.302   7.959   1.47   8.258   1.115   2.28   2.082   0.188   
CO_Au@Ni_211_top-t-2   1.156   2.502   2.473   0.71   1.16   9.0   1   -1.281   1.83   2.584   16.216   4.945   7.64   1.157   8.704   1.273   1.91   1.907   0.143   
CO_Ni_100_bridge   0.886   2.502   2.486   0.71   1.16   8.0   2   -1.173   1.742   2.723   18.018   5.115   7.64   1.157   8.69   1.198   1.91   1.9   0.173   
CO_Pd@Ir_211_bridge3-s-1   1.16   2.786   2.769   1.01   3.615   8.5   2   -2.044   2.161   0.663   5.349   5.35   8.729   1.063   8.458   1.072   2.2   1.035   0.14   
CO_Pd_211_hcp-t   0.847   2.819   2.814   0.94   2.78   9.333   3   -1.677   1.386   0.62   4.792   5.21   8.337   0.562   9.276   0.789   2.2   2.252   0.12   
CO_Ir_111_hcp   1.082   2.753   2.743   1.08   4.45   9.0   3   -1.91   2.546   0.575   4.095   5.74   9.121   1.564   7.688   1.301   2.2   1.218   0.135   
CO_AgPd_211_bridge1-s-4   1.139   2.819   2.853   0.94   2.78   8.0   2   -1.31   1.332   0.973   10.497   5.21   8.337   0.562   9.439   0.772   2.2   0.55   0.169   
CO_IrRu_211_bridge2-t-2   1.067   2.743   2.704   1.065   4.16   9.0   2   -1.695   2.46   0.678   4.584   5.189   8.241   1.305   7.319   1.106   2.2   1.54   0.149   
CO_Pt@Rh_211_bridge2-s-1   0.837   2.786   2.714   1.015   3.61   7.0   2   -1.667   1.96   1.45   8.576   5.414   8.209   1.634   8.369   1.009   2.28   1.633   0.221   
CO_Ir_100_bridge   0.776   2.753   2.718   1.08   4.45   8.0   2   -1.797   2.5   0.501   4.194   5.756   9.121   1.564   7.701   1.235   2.2   1.195   0.194   
CO_IrRu_211_top-t-2   0.734   2.753   2.703   1.08   4.45   9.0   1   -1.949   2.553   0.947   5.131   5.489   9.121   1.564   7.618   1.251   2.2   1.316   0.172   
CO_Pt_211_top-t   1.145   2.838   2.82   1.04   3.9   9.0   1   -2.037   2.06   0.845   5.53   5.75   8.959   2.125   8.769   1.2   2.28   1.789   0.129   
CO_Pt@Rh_211_hcp-s-2   0.775   2.734   2.698   0.99   3.32   7.667   3   -1.359   2.192   1.837   11.014   5.078   7.459   1.143   7.921   1.038   2.28   2.064   0.199   
CO_Pt@Rh_211_top-s-1   0.947   2.838   2.732   1.04   3.9   7.0   1   -2.041   1.812   1.091   5.992   5.75   8.959   2.125   8.785   1.007   2.28   1.109   0.211   
CO_AgAu_211_bridge1-s-4   2.565   2.99   2.945   1.01   3.35   8.0   2   -3.281   1.318   1.959   13.591   5.28   9.226   2.309   9.726   1.288   2.54   0.076   0.292   
CO_Ag@Cu_211_fcc-s-2   2.044   2.603   2.576   0.67   1.0   8.333   3   -2.375   1.035   1.481   13.354   4.719   7.726   1.236   9.756   1.219   1.9   0.099   0.262   
CO_Au_111_hcp   2.723   2.99   2.996   1.01   3.35   9.0   3   -3.319   1.336   1.289   8.485   5.321   9.226   2.309   9.742   1.303   2.54   0.113   0.294   
CO_Pt_211_bridge1-t   1.225   2.838   2.836   1.04   3.9   9.5   2   -2.067   2.069   0.859   5.505   5.75   8.959   2.125   8.789   1.213   2.28   1.631   0.112   
CO_Ag@Cu_211_top-s-2   1.818   2.603   2.552   0.67   1.0   7.0   1   -2.316   0.977   1.235   12.981   4.719   7.726   1.236   9.796   1.173   1.9   0.089   0.29   
CO_Pd@Ir_211_top-s-2   0.363   2.753   2.692   1.08   4.45   7.0   1   -1.717   2.428   0.704   5.109   5.489   9.121   1.564   7.798   1.203   2.2   1.659   0.262   
CO_Pt_211_bridge1-s   1.089   2.838   2.801   1.04   3.9   8.0   2   -1.966   1.975   0.815   5.664   5.75   8.959   2.125   8.792   1.149   2.28   1.753   0.153   
CO_Pd_211_bridge1-s   1.016   2.819   2.799   0.94   2.78   8.0   2   -1.567   1.308   0.594   5.247   5.21   8.337   0.562   9.312   0.727   2.2   2.244   0.137   
CO_Ir_211_top-t   0.791   2.753   2.715   1.08   4.45   9.0   1   -2.027   2.683   0.694   4.35   5.489   9.121   1.564   7.68   1.31   2.2   1.263   0.122   
CO_AgAu_211_top-s-2   2.3   2.99   2.924   1.01   3.35   7.0   1   -3.219   1.255   1.922   13.998   5.28   9.226   2.309   9.74   1.245   2.54   0.069   0.312   
CO_PtRh_211_top-s-2   0.738   2.734   2.728   0.99   3.32   7.0   1   -1.238   2.059   1.378   9.455   5.078   7.459   1.143   8.03   1.097   2.28   2.359   0.213   
CO_IrRu_211_top-t-1   0.901   2.732   2.705   1.05   3.87   9.0   1   -1.442   2.367   0.409   4.037   4.889   7.361   1.046   7.019   0.962   2.2   1.764   0.125   
CO_Ag_211_bridge2-t   2.567   2.985   2.972   0.89   2.26   9.0   2   -4.033   1.122   3.417   25.416   4.427   7.576   1.304   9.843   1.148   1.93   0.04   0.281   
CO_Ru_211_top-t   0.867   2.732   2.696   1.05   3.87   9.0   1   -1.365   2.135   0.378   3.207   4.889   7.361   1.046   7.066   0.902   2.2   1.312   0.143   
CO_Au_100_bridge   2.284   2.99   2.987   1.01   3.35   8.0   2   -3.129   1.286   1.277   9.087   5.271   9.226   2.309   9.707   1.213   2.54   0.08   0.227   
CO_Pt@Rh_211_bridge2-t-2   0.947   2.734   2.708   0.99   3.32   9.0   2   -1.481   2.356   1.868   10.664   5.078   7.459   1.143   7.862   1.105   2.28   1.884   0.137   
CO_Ag_111_hcp   2.423   2.985   2.98   0.89   2.26   9.0   3   -4.122   0.941   2.135   15.044   4.61   7.576   1.304   9.792   1.148   1.93   0.043   0.309   
CO_Pd_111_hcp   0.789   2.819   2.82   0.94   2.78   9.0   3   -1.614   1.339   0.576   4.833   5.422   8.337   0.562   9.319   0.764   2.2   2.113   0.127   
CO_Pt@Rh_211_fcc-t-2   1.05   2.734   2.722   0.99   3.32   9.667   3   -1.497   2.45   2.016   11.326   5.078   7.459   1.143   7.841   1.123   2.28   1.822   0.115   
CO_Pd@Ir_211_bridge2-s-2   0.584   2.753   2.692   1.08   4.45   7.0   2   -1.717   2.428   0.704   5.109   5.489   9.121   1.564   7.798   1.203   2.2   1.659   0.262   
