Samples    E_ads_eV    bulk_nnd_Ang    site_nnd_Ang    r_d_Ang    V_ad^2    CN    site_no    epsilon_d_eV    W_d_eV    S_d_eV    K_d_eV    W_eV    IP_eV    EA_eV    f_d    f_sp    PE    DOS_d_eV^(-1)    DOS_sp_eV^(-1)  
CO_Ag_211_four-fold-s   2.417   2.985   2.965   0.89   2.26   8.5   4   -4.042   1.034   2.954   21.737   4.427   7.576   1.304   9.847   1.128   1.93   0.037   0.276   
CO_AgAu_211_top-t-2   2.375   2.99   2.965   1.01   3.35   9.0   1   -3.342   1.382   1.996   13.185   5.28   9.226   2.309   9.711   1.331   2.54   0.084   0.271   
CO_Ru_111_hcp   0.673   2.732   2.71   1.05   3.87   9.0   3   -1.319   2.084   0.338   3.173   5.266   7.361   1.046   7.071   0.888   2.2   2.11   0.216   
CO_IrRu_211_top-s-2   0.753   2.732   2.694   1.05   3.87   7.0   1   -1.203   2.137   0.362   4.595   4.889   7.361   1.046   7.066   0.87   2.2   2.026   0.254   
CO_Ni_211_bridge1-s   0.936   2.502   2.473   0.71   1.16   8.0   2   -1.224   1.729   2.657   17.424   4.945   7.64   1.157   8.833   1.21   1.91   1.88   0.182   
CO_Ru_211_fcc-t   0.853   2.732   2.715   1.05   3.87   9.667   3   -1.354   2.173   0.413   3.306   4.889   7.361   1.046   7.072   0.932   2.2   1.343   0.13   
CO_Au@Ni_211_hcp-t-2   0.926   2.502   2.495   0.71   1.16   9.333   3   -1.268   1.839   2.59   16.407   4.945   7.64   1.157   8.709   1.284   1.91   1.915   0.134   
CO_Rh_211_bridge2-t   0.941   2.734   2.707   0.99   3.32   9.0   2   -1.493   2.354   1.896   10.752   5.078   7.459   1.143   7.871   1.1   2.28   1.841   0.137   
CO_Pd@Ir_211_hcp-s-2   1.015   2.753   2.697   1.08   4.45   7.667   3   -1.806   2.55   0.765   5.155   5.489   9.121   1.564   7.751   1.234   2.2   1.542   0.215   
CO_Cu_211_top-s   1.783   2.603   2.556   0.67   1.0   7.0   1   -2.283   0.955   1.454   13.628   4.719   7.726   1.236   9.717   1.129   1.9   0.09   0.264   
CO_Pd_110_top   1.216   2.819   2.784   0.94   2.78   7.0   1   -1.499   1.253   0.507   5.241   5.008   8.337   0.562   9.42   0.678   2.2   2.368   0.103   
CO_Ir_211_bridge3-s   0.875   2.753   2.727   1.08   4.45   8.5   2   -1.848   2.58   0.707   4.787   5.489   9.121   1.564   7.754   1.273   2.2   1.437   0.178   
CO_Pt_100_bridge   0.693   2.838   2.828   1.04   3.9   8.0   2   -1.842   1.864   0.654   5.256   5.881   8.959   2.125   8.86   1.119   2.28   1.687   0.152   
CO_Pt@Rh_211_fcc-s-2   0.974   2.734   2.704   0.99   3.32   8.333   3   -1.418   2.273   1.848   10.83   5.078   7.459   1.143   7.892   1.074   2.28   1.975   0.168   
CO_Pd_211_bridge3-s   1.044   2.819   2.808   0.94   2.78   8.5   2   -1.625   1.337   0.687   5.511   5.21   8.337   0.562   9.294   0.75   2.2   2.128   0.13   
CO_Ir_211_bridge1-t   1.234   2.753   2.735   1.08   4.45   9.5   2   -2.007   2.705   0.734   4.539   5.489   9.121   1.564   7.695   1.32   2.2   1.299   0.11   
CO_IrRu_211_bridge1-t-4   1.137   2.743   2.718   1.065   4.16   9.5   2   -1.703   2.475   0.67   4.502   5.189   8.241   1.305   7.319   1.12   2.2   1.407   0.128   
CO_Rh_111_hcp   0.817   2.734   2.725   0.99   3.32   9.0   3   -1.516   2.023   1.077   6.347   5.347   7.459   1.143   7.991   1.094   2.28   1.765   0.158   
CO_Pt@Rh_211_top-t-1   0.894   2.734   2.714   0.99   3.32   9.0   1   -1.47   2.351   1.843   10.61   5.078   7.459   1.143   7.866   1.117   2.28   1.89   0.139   
CO_IrRu_211_hcp-s-1   0.849   2.746   2.694   1.07   4.257   7.667   3   -1.614   2.327   0.712   4.987   5.289   8.534   1.391   7.472   1.087   2.2   1.643   0.272   
CO_IrRu_211_hcp-t-1   1.008   2.739   2.716   1.06   4.063   9.333   3   -1.603   2.444   0.593   4.399   5.089   7.948   1.219   7.23   1.072   2.2   1.521   0.133   
CO_Ni_211_hcp-t   0.908   2.502   2.489   0.71   1.16   9.333   3   -1.28   1.837   2.625   16.521   4.945   7.64   1.157   8.791   1.292   1.91   1.847   0.136   
CO_Ir_211_bridge2-t   1.234   2.753   2.715   1.08   4.45   9.0   2   -2.027   2.683   0.694   4.35   5.489   9.121   1.564   7.682   1.31   2.2   1.263   0.122   
CO_IrRu_211_bridge3-s-2   0.946   2.743   2.712   1.065   4.16   8.5   2   -1.583   2.36   0.646   4.781   5.189   8.241   1.305   7.342   1.073   2.2   1.538   0.192   
CO_Ag@Cu_211_bridge2-t-1   2.121   2.603   2.603   0.67   1.0   9.0   2   -2.399   1.02   1.251   11.696   4.719   7.726   1.236   9.719   1.248   1.9   0.104   0.253   
CO_PtRh_211_bridge1-t-4   1.147   2.786   2.775   1.015   3.61   9.5   2   -1.845   2.243   1.482   8.575   5.414   8.209   1.634   8.311   1.178   2.28   1.931   0.115   
CO_IrRu_211_bridge1-t-3   1.092   2.753   2.717   1.08   4.45   9.5   2   -1.956   2.568   0.939   5.05   5.489   9.121   1.564   7.618   1.264   2.2   1.183   0.151   
CO_PtRh_211_bridge3-s-1   1.013   2.786   2.762   1.015   3.61   8.5   2   -1.758   2.129   1.414   8.547   5.414   8.209   1.634   8.359   1.12   2.28   1.853   0.151   
CO_AgPd_211_top-t-2   2.399   2.985   2.894   0.89   2.26   9.0   1   -3.508   1.097   2.385   12.429   4.427   7.576   1.304   9.85   0.977   1.93   0.049   0.168   
CO_Pt_211_fcc-t   1.324   2.838   2.842   1.04   3.9   9.667   3   -2.076   2.073   0.864   5.498   5.75   8.959   2.125   8.792   1.219   2.28   1.579   0.106   
CO_Pd@Ir_211_hcp-t-2   1.217   2.753   2.729   1.08   4.45   9.333   3   -1.978   2.712   0.788   4.826   5.489   9.121   1.564   7.678   1.305   2.2   1.326   0.121   
CO_Pt@Rh_211_bridge1-s-3   0.958   2.734   2.699   0.99   3.32   8.0   2   -1.392   2.234   1.851   10.94   5.078   7.459   1.143   7.905   1.052   2.28   2.018   0.183   
CO_Pd_211_hcp-s   0.832   2.819   2.796   0.94   2.78   7.667   3   -1.545   1.287   0.597   5.407   5.21   8.337   0.562   9.319   0.712   2.2   2.211   0.141   
CO_Ni_211_top-t   1.151   2.502   2.482   0.71   1.16   9.0   1   -1.27   1.809   2.613   16.595   4.945   7.64   1.157   8.801   1.275   1.91   1.917   0.145   
CO_PtRh_211_top-t-2   0.825   2.734   2.753   0.99   3.32   9.0   1   -1.411   2.286   1.514   9.511   5.078   7.459   1.143   7.933   1.214   2.28   2.515   0.14   
CO_Pt@Rh_211_fcc-t-1   1.104   2.734   2.727   0.99   3.32   9.667   3   -1.484   2.446   1.978   11.2   5.078   7.459   1.143   7.849   1.141   2.28   1.818   0.117   
CO_Rh_110_top   0.826   2.734   2.684   0.99   3.32   7.0   1   -1.362   2.148   1.94   11.854   4.831   7.459   1.143   7.945   0.99   2.28   2.167   0.179   
CO_Rh_211_top-t   0.881   2.734   2.707   0.99   3.32   9.0   1   -1.494   2.355   1.896   10.748   5.078   7.459   1.143   7.87   1.1   2.28   1.841   0.137   
CO_Ni_211_fcc-t   1.072   2.502   2.496   0.71   1.16   9.667   3   -1.29   1.865   2.639   16.464   4.945   7.64   1.157   8.784   1.308   1.91   1.78   0.128   
CO_Pd@Ir_211_top2-t-1   1.163   2.753   2.746   1.08   4.45   10.0   1   -1.973   2.724   0.775   4.746   5.489   9.121   1.564   7.71   1.312   2.2   1.371   0.107   
CO_Pt@Rh_211_bridge1-t-3   0.987   2.734   2.717   0.99   3.32   9.5   2   -1.496   2.428   1.985   11.174   5.078   7.459   1.143   7.845   1.116   2.28   1.836   0.12   
CO_Cu_211_bridge2-t   2.086   2.603   2.581   0.67   1.0   9.0   2   -2.391   1.117   2.175   17.132   4.719   7.726   1.236   9.68   1.239   1.9   0.105   0.239   
CO_AgAu_211_bridge2-s-2   2.373   2.988   2.941   0.95   2.805   7.0   2   -3.514   1.131   2.084   14.99   4.854   8.401   1.807   9.79   1.114   2.235   0.053   0.268   
CO_AgPd_211_four-fold-s-2   1.741   2.902   2.88   0.915   2.52   8.5   4   -2.409   1.21   1.769   12.165   4.819   7.957   0.933   9.645   0.868   2.065   0.275   0.173   
CO_Ru_211_four-fold-s   0.986   2.732   2.703   1.05   3.87   8.5   4   -1.253   2.065   0.411   3.64   4.889   7.361   1.046   7.114   0.878   2.2   1.552   0.196   
CO_Au@Ni_211_top-t-1   1.221   2.502   2.511   0.71   1.16   9.0   1   -1.219   1.787   2.525   16.575   4.945   7.64   1.157   8.693   1.261   1.91   2.003   0.145   
CO_Au_211_bridge2-s   2.253   2.99   2.936   1.01   3.35   7.0   2   -3.127   1.323   1.431   10.044   5.28   9.226   2.309   9.732   1.2   2.54   0.079   0.26   
CO_Ni_211_bridge3-s   1.041   2.502   2.484   0.71   1.16   8.5   2   -1.231   1.769   2.678   17.366   4.945   7.64   1.157   8.821   1.232   1.91   1.786   0.169   
CO_Au@Ni_211_bridge2-t-2   0.978   2.502   2.492   0.71   1.16   9.0   2   -1.251   1.808   2.556   16.404   4.945   7.64   1.157   8.705   1.267   1.91   1.952   0.144   
CO_Cu_211_bridge1-s   2.058   2.603   2.569   0.67   1.0   8.0   2   -2.337   1.036   1.813   15.368   4.719   7.726   1.236   9.703   1.184   1.9   0.098   0.252   
CO_Au_211_top-s   2.2   2.99   2.936   1.01   3.35   7.0   1   -3.127   1.323   1.43   10.044   5.28   9.226   2.309   9.736   1.201   2.54   0.079   0.26   
CO_Cu_111_hcp   2.12   2.603   2.596   0.67   1.0   9.0   3   -2.446   0.95   0.826   8.438   4.992   7.726   1.236   9.834   1.244   1.9   0.106   0.275   
CO_PtRh_211_bridge2-s-1   0.782   2.786   2.739   1.015   3.61   7.0   2   -1.617   1.974   1.3   8.401   5.414   8.209   1.634   8.421   1.065   2.28   1.865   0.212   
CO_Ru_110_top   0.87   2.732   2.671   1.05   3.87   7.0   1   -1.255   1.952   0.34   3.493   4.764   7.361   1.046   7.115   0.827   2.2   1.781   0.204   
CO_Rh_211_fcc-t   1.017   2.734   2.725   0.99   3.32   9.667   3   -1.496   2.419   1.95   10.919   5.078   7.459   1.143   7.858   1.13   2.28   1.796   0.116   
CO_Pt_211_bridge2-s   0.784   2.838   2.781   1.04   3.9   7.0   2   -1.895   1.891   0.786   5.804   5.75   8.959   2.125   8.812   1.101   2.28   1.72   0.176   
CO_Ag@Cu_211_fcc-t-2   2.274   2.603   2.589   0.67   1.0   9.667   3   -2.452   1.126   1.956   14.94   4.719   7.726   1.236   9.739   1.269   1.9   0.106   0.23   
CO_Ag@Cu_211_bridge2-t-2   2.09   2.603   2.588   0.67   1.0   9.0   2   -2.405   1.064   1.604   13.541   4.719   7.726   1.236   9.735   1.242   1.9   0.105   0.248   
CO_Rh_211_hcp-t   0.847   2.734   2.716   0.99   3.32   9.333   3   -1.494   2.387   1.923   10.835   5.078   7.459   1.143   7.865   1.115   2.28   1.819   0.127   
CO_Cu_211_bridge3-s   2.149   2.603   2.577   0.67   1.0   8.5   2   -2.372   1.044   1.709   14.199   4.719   7.726   1.236   9.719   1.209   1.9   0.097   0.244   
CO_Pt_211_hcp-s   1.039   2.838   2.794   1.04   3.9   7.667   3   -1.942   1.947   0.805   5.711   5.75   8.959   2.125   8.8   1.133   2.28   1.742   0.16   
CO_Ag_100_bridge   2.491   2.985   2.977   0.89   2.26   8.0   2   -3.983   0.95   2.723   20.403   4.432   7.576   1.304   9.905   1.073   1.93   0.032   0.244   
CO_Au_211_bridge1-t   2.735   2.99   2.99   1.01   3.35   9.5   2   -3.264   1.449   1.473   9.383   5.28   9.226   2.309   9.72   1.297   2.54   0.098   0.223   
CO_Ag@Cu_211_bridge1-s-2   2.085   2.603   2.578   0.67   1.0   8.0   2   -2.358   0.999   1.243   12.338   4.719   7.726   1.236   9.758   1.211   1.9   0.096   0.271   
CO_Pd@Ir_211_bridge1-t-1   1.189   2.753   2.735   1.08   4.45   9.5   2   -1.956   2.667   0.739   4.645   5.489   9.121   1.564   7.7   1.302   2.2   1.372   0.125   
CO_Au@Ni_211_bridge1-s-3   0.962   2.502   2.469   0.71   1.16   8.0   2   -1.214   1.751   2.529   16.736   4.945   7.64   1.157   8.74   1.223   1.91   1.989   0.179   
CO_Pd_211_top-s   1.234   2.819   2.79   0.94   2.78   7.0   1   -1.501   1.244   0.602   5.728   5.21   8.337   0.562   9.334   0.683   2.2   2.147   0.15   
CO_Au@Ni_211_fcc-t-2   1.115   2.502   2.491   0.71   1.16   9.667   3   -1.294   1.878   2.634   16.344   4.945   7.64   1.157   8.711   1.304   1.91   1.864   0.124   
CO_Pd_211_fcc-s   0.859   2.819   2.803   0.94   2.78   8.333   3   -1.59   1.329   0.592   5.089   5.21   8.337   0.562   9.303   0.743   2.2   2.269   0.133   
CO_Ag@Cu_211_top-s-1   2.265   2.985   2.95   0.89   2.26   9.0   1   -4.141   1.131   3.339   20.245   4.427   7.576   1.304   9.785   0.887   1.93   0.043   0.259   
CO_Ag_211_bridge2-s   2.462   2.985   2.946   0.89   2.26   7.0   2   -4.008   0.934   2.823   21.91   4.427   7.576   1.304   9.856   1.051   1.93   0.031   0.29   
CO_Ni_211_top-s   0.911   2.502   2.464   0.71   1.16   7.0   1   -1.152   1.645   2.703   18.317   4.945   7.64   1.157   8.858   1.14   1.91   1.888   0.218   
CO_Ru_211_top-s   0.742   2.732   2.683   1.05   3.87   7.0   1   -1.159   1.939   0.391   3.926   4.889   7.361   1.046   7.152   0.808   2.2   1.745   0.269   
CO_Pd_211_top-t   1.346   2.819   2.809   0.94   2.78   9.0   1   -1.635   1.372   0.587   4.769   5.21   8.337   0.562   9.286   0.773   2.2   2.325   0.125   
CO_Pt@Rh_211_bridge1-s-2   1.012   2.734   2.705   0.99   3.32   8.0   2   -1.381   2.229   1.826   10.886   5.078   7.459   1.143   7.909   1.064   2.28   2.023   0.185   
CO_Ag@Cu_211_bridge2-s-2   1.84   2.603   2.552   0.67   1.0   7.0   2   -2.316   0.977   1.235   12.981   4.719   7.726   1.236   9.796   1.173   1.9   0.089   0.29   
CO_Rh_211_hcp-s   0.763   2.734   2.698   0.99   3.32   7.667   3   -1.359   2.184   1.889   11.239   5.078   7.459   1.143   7.937   1.025   2.28   1.994   0.206   
CO_Pd@Ir_211_bridge1-t-2   1.221   2.753   2.739   1.08   4.45   9.5   2   -1.975   2.671   0.738   4.615   5.489   9.121   1.564   7.689   1.31   2.2   1.336   0.122   
CO_Pd_100_bridge   0.871   2.819   2.816   0.94   2.78   8.0   2   -1.528   1.308   0.818   6.653   5.279   8.337   0.562   9.316   0.721   2.2   1.883   0.135   
CO_IrRu_211_bridge1-s-3   1.048   2.743   2.699   1.065   4.16   8.0   2   -1.576   2.345   0.654   4.863   5.189   8.241   1.305   7.342   1.06   2.2   1.671   0.213   
CO_Au@Ni_211_four-fold-s-2   1.116   2.502   2.482   0.71   1.16   8.5   4   -1.225   1.788   2.567   16.833   4.945   7.64   1.157   8.741   1.246   1.91   1.953   0.164   
CO_Pd@Ir_211_bridge2-t-2   1.185   2.753   2.717   1.08   4.45   9.0   2   -1.963   2.702   0.795   4.896   5.489   9.121   1.564   7.673   1.294   2.2   1.339   0.131   
CO_AgPd_211_bridge1-t-1   1.193   2.819   2.873   0.94   2.78   9.5   2   -1.408   1.429   1.097   10.104   5.21   8.337   0.562   9.401   0.839   2.2   0.566   0.156   
CO_Ru_211_hcp-t   0.747   2.732   2.706   1.05   3.87   9.333   3   -1.359   2.154   0.396   3.257   4.889   7.361   1.046   7.068   0.917   2.2   1.328   0.137   
CO_PtRh_211_bridge1-t-1   0.959   2.734   2.77   0.99   3.32   9.5   2   -1.395   2.326   1.555   9.684   5.078   7.459   1.143   7.922   1.241   2.28   2.352   0.126   
CO_Ag@Cu_211_bridge3-s-2   2.181   2.603   2.575   0.67   1.0   8.5   2   -2.394   1.056   1.596   13.849   4.719   7.726   1.236   9.764   1.23   1.9   0.097   0.257   
CO_Ni_211_bridge2-t   0.972   2.502   2.482   0.71   1.16   9.0   2   -1.277   1.81   2.612   16.567   4.945   7.64   1.157   8.802   1.277   1.91   1.91   0.145   
CO_Pd@Ir_211_bridge1-t-3   1.224   2.753   2.731   1.08   4.45   9.5   2   -1.998   2.763   0.83   4.967   5.489   9.121   1.564   7.672   1.312   2.2   1.303   0.111   
CO_Ir_211_hcp-t   1.221   2.753   2.728   1.08   4.45   9.333   3   -2.013   2.697   0.721   4.475   5.489   9.121   1.564   7.69   1.316   2.2   1.287   0.114   
CO_Pt@Rh_211_bridge1-s-1   1.145   2.786   2.723   1.015   3.61   8.0   2   -1.755   2.081   1.467   8.301   5.414   8.209   1.634   8.326   1.062   2.28   1.499   0.175   
CO_PtRh_211_bridge1-s-3   1.008   2.786   2.749   1.015   3.61   8.0   2   -1.722   2.106   1.39   8.563   5.414   8.209   1.634   8.378   1.108   2.28   1.942   0.17   
CO_PtRh_211_bridge2-t-1   1.082   2.786   2.761   1.015   3.61   9.0   2   -1.809   2.22   1.459   8.591   5.414   8.209   1.634   8.33   1.166   2.28   2.02   0.134   
CO_Ni_211_four-fold-s   1.092   2.502   2.484   0.71   1.16   8.5   4   -1.225   1.768   2.678   17.369   4.945   7.64   1.157   8.817   1.232   1.91   1.796   0.169   
CO_Ag_211_top-t   2.428   2.985   2.972   0.89   2.26   9.0   1   -4.033   1.122   3.418   25.417   4.427   7.576   1.304   9.837   1.148   1.93   0.04   0.281   
CO_PtRh_211_bridge1-t-3   1.348   2.838   2.783   1.04   3.9   9.5   2   -2.243   2.176   1.426   7.656   5.75   8.959   2.125   8.707   1.13   2.28   1.436   0.109   
CO_Pd@Ir_211_top-t-2   0.766   2.753   2.708   1.08   4.45   9.0   1   -1.986   2.793   0.887   5.248   5.489   9.121   1.564   7.656   1.296   2.2   1.307   0.12   
CO_PtRh_211_fcc-s-2   0.98   2.769   2.75   1.007   3.513   8.333   3   -1.619   2.166   1.432   8.879   5.302   7.959   1.47   8.23   1.143   2.28   2.133   0.16   
CO_Ni_211_fcc-s   0.879   2.502   2.476   0.71   1.16   8.333   3   -1.236   1.755   2.642   17.151   4.945   7.64   1.157   8.821   1.231   1.91   1.903   0.169   
CO_AgPd_211_top-s-1   2.251   2.985   2.892   0.89   2.26   7.0   1   -3.456   0.976   2.784   16.251   4.427   7.576   1.304   9.873   0.865   1.93   0.037   0.2   
CO_Pt_211_bridge3-s   1.058   2.838   2.817   1.04   3.9   8.5   2   -1.996   1.985   0.83   5.643   5.75   8.959   2.125   8.807   1.164   2.28   1.596   0.135   
CO_Ag_110_top   2.335   2.985   2.95   0.89   2.26   7.0   1   -3.981   0.882   2.264   17.492   4.398   7.576   1.304   9.901   1.034   1.93   0.035   0.327   
CO_Rh_211_bridge3-s   0.879   2.734   2.714   0.99   3.32   8.5   2   -1.395   2.275   1.931   11.244   5.078   7.459   1.143   7.907   1.066   2.28   1.921   0.173   
CO_Pd@Ir_211_hcp-s-1   0.934   2.775   2.736   1.033   3.893   7.667   3   -1.923   2.212   0.653   5.202   5.396   8.86   1.23   8.232   1.109   2.2   1.243   0.192   
CO_Pt@Rh_211_hcp-s-1   0.942   2.769   2.714   1.007   3.513   7.667   3   -1.601   2.09   1.581   9.254   5.302   7.959   1.47   8.201   1.045   2.28   1.719   0.194   
CO_Ru_211_bridge2-s   0.665   2.732   2.683   1.05   3.87   7.0   2   -1.158   1.939   0.39   3.925   4.889   7.361   1.046   7.152   0.809   2.2   1.745   0.269   
CO_Pt@Rh_211_bridge2-s-2   0.71   2.734   2.696   0.99   3.32   7.0   2   -1.293   2.108   1.809   11.161   5.078   7.459   1.143   7.953   1.01   2.28   2.157   0.231   
CO_AgAu_211_bridge1-t-1   2.799   2.99   2.968   1.01   3.35   9.5   2   -3.404   1.398   1.966   12.688   5.28   9.226   2.309   9.705   1.353   2.54   0.085   0.263   
CO_Pd@Ir_211_top-s-1   1.413   2.819   2.792   0.94   2.78   7.0   1   -2.114   1.598   0.552   5.952   5.21   8.337   0.562   9.205   0.831   2.2   0.699   0.173   
CO_Cu_211_top-t   2.039   2.603   2.581   0.67   1.0   9.0   1   -2.39   1.117   2.175   17.144   4.719   7.726   1.236   9.681   1.238   1.9   0.105   0.239   
CO_Cu_110_top   1.785   2.603   2.562   0.67   1.0   7.0   1   -2.234   0.899   0.817   9.927   4.699   7.726   1.236   9.824   1.113   1.9   0.099   0.287   
CO_Ag@Cu_211_bridge1-s-3   2.069   2.603   2.563   0.67   1.0   8.0   2   -2.364   1.043   1.596   14.183   4.719   7.726   1.236   9.774   1.204   1.9   0.097   0.266   
CO_IrRu_211_hcp-t-2   1.031   2.746   2.713   1.07   4.257   9.333   3   -1.785   2.501   0.762   4.712   5.289   8.534   1.391   7.419   1.163   2.2   1.377   0.143   
CO_PtRh_211_bridge3-s-2   0.936   2.786   2.769   1.015   3.61   8.5   2   -1.688   2.128   1.408   8.601   5.414   8.209   1.634   8.361   1.151   2.28   1.78   0.161   
CO_Pd@Ir_211_bridge1-s-3   1.116   2.753   2.7   1.08   4.45   8.0   2   -1.851   2.611   0.796   5.179   5.489   9.121   1.564   7.727   1.25   2.2   1.483   0.191   
CO_Rh_211_fcc-s   0.959   2.734   2.703   0.99   3.32   8.333   3   -1.426   2.27   1.892   10.993   5.078   7.459   1.143   7.906   1.063   2.28   1.918   0.171   
CO_Ni_110_top   1.002   2.502   2.461   0.71   1.16   7.0   1   -1.201   1.667   2.731   18.491   4.733   7.64   1.157   8.778   1.121   1.91   2.162   0.182   
CO_Cu_211_fcc-s   2.036   2.603   2.573   0.67   1.0   8.333   3   -2.355   1.063   1.935   15.964   4.719   7.726   1.236   9.692   1.202   1.9   0.1   0.247   
CO_Cu_100_bridge   1.97   2.603   2.582   0.67   1.0   8.0   2   -2.294   1.011   1.584   13.873   4.743   7.726   1.236   9.622   1.165   1.9   0.084   0.253   
CO_Pd_211_fcc-t   0.99   2.819   2.82   0.94   2.78   9.667   3   -1.715   1.405   0.682   4.968   5.21   8.337   0.562   9.265   0.804   2.2   2.178   0.115   
CO_AgPd_211_four-fold-s-1   1.568   2.902   2.88   0.915   2.52   8.5   4   -2.409   1.21   1.769   12.165   4.819   7.957   0.933   9.645   0.868   2.065   0.275   0.173   
CO_IrRu_211_top-s-1   0.357   2.753   2.685   1.08   4.45   7.0   1   -1.69   2.292   0.829   5.236   5.489   9.121   1.564   7.731   1.141   2.2   1.587   0.389   
CO_Pd@Ir_211_hcp-t-1   1.081   2.753   2.732   1.08   4.45   9.333   3   -1.95   2.648   0.727   4.612   5.489   9.121   1.564   7.697   1.299   2.2   1.372   0.13   
CO_Pt_211_top-s   0.844   2.838   2.781   1.04   3.9   7.0   1   -1.894   1.89   0.785   5.806   5.75   8.959   2.125   8.815   1.102   2.28   1.72   0.176   
CO_Ir_211_fcc-t   1.413   2.753   2.741   1.08   4.45   9.667   3   -2.0   2.712   0.747   4.601   5.489   9.121   1.564   7.699   1.323   2.2   1.311   0.106   
CO_Rh_211_bridge1-s   0.941   2.734   2.7   0.99   3.32   8.0   2   -1.393   2.226   1.891   11.121   5.078   7.459   1.143   7.918   1.043   2.28   1.955   0.189   
CO_Au_211_fcc-s   2.633   2.99   2.967   1.01   3.35   8.333   3   -3.182   1.396   1.458   9.76   5.28   9.226   2.309   9.734   1.254   2.54   0.091   0.242   
CO_AgAu_211_bridge1-s-1   2.627   2.988   2.961   0.95   2.805   8.0   2   -3.575   1.195   2.121   14.583   4.854   8.401   1.807   9.775   1.157   2.235   0.061   0.248   
CO_Ru_211_fcc-s   0.988   2.732   2.692   1.05   3.87   8.333   3   -1.296   2.07   0.383   3.447   4.889   7.361   1.046   7.095   0.871   2.2   1.457   0.185   
CO_Ru_211_bridge3-s   0.788   2.732   2.703   1.05   3.87   8.5   2   -1.252   2.065   0.41   3.639   4.889   7.361   1.046   7.115   0.878   2.2   1.552   0.196   
CO_Pt_211_hcp-t   1.152   2.838   2.831   1.04   3.9   9.333   3   -2.056   2.066   0.854   5.513   5.75   8.959   2.125   8.78   1.21   2.28   1.684   0.118   
CO_Ag@Cu_211_top-t-1   2.045   2.603   2.603   0.67   1.0   9.0   1   -2.399   1.02   1.251   11.696   4.719   7.726   1.236   9.719   1.248   1.9   0.104   0.253   
CO_Pt_211_fcc-s   1.115   2.838   2.807   1.04   3.9   8.333   3   -1.989   2.003   0.825   5.621   5.75   8.959   2.125   8.786   1.167   2.28   1.766   0.145   
CO_PtRh_211_top-t-1   1.234   2.838   2.77   1.04   3.9   9.0   1   -2.207   2.154   1.403   7.672   5.75   8.959   2.125   8.727   1.118   2.28   1.525   0.128   
CO_Pt_111_hcp   1.064   2.838   2.838   1.04   3.9   9.0   3   -1.944   1.98   0.835   5.619   5.922   8.959   2.125   8.832   1.181   2.28   1.733   0.107   
CO_Pt@Rh_211_top-s-2   0.803   2.734   2.695   0.99   3.32   7.0   1   -1.293   2.108   1.809   11.161   5.078   7.459   1.143   7.953   1.01   2.28   2.157   0.231   
CO_PtRh_211_bridge1-s-4   0.954   2.734   2.741   0.99   3.32   8.0   2   -1.325   2.173   1.446   9.483   5.078   7.459   1.143   7.982   1.156   2.28   2.437   0.176   
CO_Au@Ni_211_hcp-s-2   0.804   2.502   2.468   0.71   1.16   7.667   3   -1.193   1.726   2.512   16.91   4.945   7.64   1.157   8.746   1.206   1.91   2.012   0.19   
CO_Pd@Ir_211_top-t-1   0.696   2.753   2.725   1.08   4.45   9.0   1   -1.939   2.61   0.703   4.544   5.489   9.121   1.564   7.691   1.293   2.2   1.372   0.142   
CO_AgAu_211_top-s-1   2.311   2.985   2.958   0.89   2.26   7.0   1   -3.808   1.008   2.246   15.982   4.427   7.576   1.304   9.839   0.983   1.93   0.038   0.225   
CO_Pt@Rh_211_top-t-2   0.889   2.734   2.703   0.99   3.32   9.0   1   -1.492   2.361   1.893   10.719   5.078   7.459   1.143   7.858   1.093   2.28   1.878   0.136   
CO_Au_211_bridge2-t   2.576   2.99   2.982   1.01   3.35   9.0   2   -3.21   1.432   1.472   9.618   5.28   9.226   2.309   9.733   1.281   2.54   0.097   0.233   
CO_Pd@Ir_211_fcc-t-1   1.38   2.753   2.741   1.08   4.45   9.667   3   -1.974   2.689   0.75   4.659   5.489   9.121   1.564   7.696   1.311   2.2   1.347   0.117   
CO_Au@Ni_211_top-s-2   0.985   2.502   2.465   0.71   1.16   7.0   1   -1.151   1.674   2.477   17.258   4.945   7.64   1.157   8.759   1.173   1.91   2.059   0.214   
CO_Rh_100_bridge   0.762   2.734   2.71   0.99   3.32   8.0   2   -1.413   2.024   1.234   7.427   5.266   7.459   1.143   7.942   1.054   2.28   1.839   0.184   
CO_Ir_211_top-s   0.347   2.753   2.699   1.08   4.45   7.0   1   -1.703   2.45   0.68   5.016   5.489   9.121   1.564   7.799   1.214   2.2   1.537   0.258   
CO_PtRh_211_hcp-t-1   0.947   2.769   2.77   1.007   3.513   9.333   3   -1.666   2.268   1.504   9.013   5.302   7.959   1.47   8.19   1.2   2.28   2.076   0.126   
CO_Ir_211_bridge2-s   0.634   2.753   2.699   1.08   4.45   7.0   2   -1.706   2.442   0.66   4.932   5.489   9.121   1.564   7.8   1.214   2.2   1.538   0.258   
CO_Ag@Cu_211_top-t-2   2.047   2.603   2.573   0.67   1.0   9.0   1   -2.411   1.108   1.956   15.386   4.719   7.726   1.236   9.752   1.236   1.9   0.106   0.243   
CO_Au_211_bridge1-s   2.535   2.99   2.959   1.01   3.35   8.0   2   -3.168   1.377   1.451   9.828   5.28   9.226   2.309   9.734   1.24   2.54   0.088   0.247   
CO_Ni_211_hcp-s   0.772   2.502   2.47   0.71   1.16   7.667   3   -1.2   1.701   2.672   17.722   4.945   7.64   1.157   8.842   1.186   1.91   1.883   0.194   
CO_Pt@Rh_211_bridge3-s-1   1.088   2.786   2.734   1.015   3.61   8.5   2   -1.763   2.153   1.553   8.677   5.414   8.209   1.634   8.316   1.088   2.28   1.439   0.159   
CO_Au@Ni_211_hcp-t-1   1.1   2.502   2.511   0.71   1.16   9.333   3   -1.235   1.826   2.533   16.381   4.945   7.64   1.157   8.689   1.283   1.91   1.907   0.137   
CO_Ru_100_bridge   0.642   2.732   2.703   1.05   3.87   8.0   2   -1.197   2.03   0.432   3.927   5.109   7.361   1.046   7.128   0.861   2.2   1.969   0.238   
CO_AgPd_211_top-s-2   1.341   2.819   2.84   0.94   2.78   7.0   1   -1.231   1.261   0.847   10.695   5.21   8.337   0.562   9.47   0.726   2.2   0.486   0.186   
CO_Ni_111_hcp   0.87   2.502   2.496   0.71   1.16   9.0   3   -1.3   1.559   1.695   10.742   5.291   7.64   1.157   8.66   1.252   1.91   1.902   0.148   
CO_Ag_211_top-s   2.335   2.985   2.946   0.89   2.26   7.0   1   -4.008   0.934   2.824   21.923   4.427   7.576   1.304   9.865   1.051   1.93   0.031   0.29   
CO_PtRh_211_bridge2-s-2   0.725   2.786   2.739   1.015   3.61   7.0   2   -1.617   1.974   1.3   8.401   5.414   8.209   1.634   8.421   1.065   2.28   1.865   0.212   
CO_Pd@Ir_211_bridge3-s-2   0.865   2.753   2.723   1.08   4.45   8.5   2   -1.863   2.581   0.738   4.898   5.489   9.121   1.564   7.743   1.265   2.2   1.479   0.182   
CO_Pt@Rh_211_bridge1-t-1   1.037   2.734   2.725   0.99   3.32   9.5   2   -1.477   2.422   1.928   10.986   5.078   7.459   1.143   7.857   1.143   2.28   1.83   0.123   
CO_Pd@Ir_211_bridge1-s-2   0.947   2.753   2.709   1.08   4.45   8.0   2   -1.828   2.519   0.704   4.827   5.489   9.121   1.564   7.745   1.248   2.2   1.516   0.202   
CO_Ru_211_hcp-s   0.743   2.732   2.687   1.05   3.87   7.667   3   -1.227   2.004   0.387   3.686   4.889   7.361   1.046   7.123   0.84   2.2   1.601   0.227   
CO_Pd@Ir_211_bridge2-t-1   1.04   2.753   2.725   1.08   4.45   9.0   2   -1.939   2.61   0.703   4.544   5.489   9.121   1.564   7.691   1.293   2.2   1.372   0.142   
CO_Au_211_top-t   2.451   2.99   2.982   1.01   3.35   9.0   1   -3.21   1.433   1.474   9.625   5.28   9.226   2.309   9.726   1.281   2.54   0.097   0.233   
CO_Au_110_top   2.145   2.99   2.941   1.01   3.35   7.0   1   -3.09   1.31   1.368   9.976   5.23   9.226   2.309   9.719   1.177   2.54   0.077   0.274   
CO_AgAu_211_top-t-1   2.372   2.985   2.972   0.89   2.26   9.0   1   -3.886   1.151   2.299   15.338   4.427   7.576   1.304   9.809   1.093   1.93   0.046   0.221   
CO_Rh_211_bridge1-t   0.976   2.734   2.72   0.99   3.32   9.5   2   -1.495   2.403   1.936   10.879   5.078   7.459   1.143   7.86   1.123   2.28   1.807   0.121   
CO_PtRh_211_top-s-1   0.838   2.838   2.75   1.04   3.9   7.0   1   -1.997   1.89   1.222   7.346   5.75   8.959   2.125   8.812   1.033   2.28   1.371   0.211   
CO_Pt@Rh_211_hcp-t-2   0.864   2.734   2.716   0.99   3.32   9.333   3   -1.487   2.402   1.938   10.986   5.078   7.459   1.143   7.852   1.116   2.28   1.854   0.127   
CO_AgPd_211_top-t-1   1.478   2.819   2.865   0.94   2.78   9.0   1   -1.39   1.404   1.099   10.299   5.21   8.337   0.562   9.409   0.818   2.2   0.614   0.152   
CO_Au@Ni_211_bridge2-s-2   0.771   2.502   2.465   0.71   1.16   7.0   2   -1.149   1.674   2.475   17.257   4.945   7.64   1.157   8.768   1.173   1.91   2.065   0.214   
CO_Rh_211_top-s   0.753   2.734   2.694   0.99   3.32   7.0   1   -1.293   2.1   1.885   11.473   5.078   7.459   1.143   7.974   0.988   2.28   2.07   0.24   
CO_Pt_211_bridge2-t   1.098   2.838   2.82   1.04   3.9   9.0   2   -2.037   2.06   0.845   5.528   5.75   8.959   2.125   8.772   1.199   2.28   1.789   0.129   
CO_Rh_211_bridge2-s   0.714   2.734   2.694   0.99   3.32   7.0   2   -1.293   2.099   1.886   11.48   5.078   7.459   1.143   7.969   0.987   2.28   2.07   0.24   
CO_Cu_211_bridge2-s   1.856   2.603   2.556   0.67   1.0   7.0   2   -2.282   0.955   1.452   13.621   4.719   7.726   1.236   9.722   1.129   1.9   0.09   0.264   
CO_Pt@Rh_211_hcp-t-1   0.897   2.734   2.721   0.99   3.32   9.333   3   -1.474   2.398   1.9   10.861   5.078   7.459   1.143   7.86   1.134   2.28   1.85   0.129   
CO_Pd_211_bridge2-s   0.854   2.819   2.79   0.94   2.78   7.0   2   -1.5   1.244   0.602   5.726   5.21   8.337   0.562   9.334   0.682   2.2   2.15   0.15   
