Samples    E_ads_eV    bulk_nnd_Ang    site_nnd_Ang    r_d_Ang    V_ad^2    CN    site_no    epsilon_d_eV    W_d_eV    S_d_eV    K_d_eV    W_eV    IP_eV    EA_eV    f_d    f_sp    PE    DOS_d_eV^(-1)    DOS_sp_eV^(-1)  
OH_Ag_211_bridge2-s   0.332   2.985   2.946   0.89   2.26   7.0   2   -4.008   0.934   2.823   21.91   4.427   7.576   1.304   9.856   1.051   1.93   0.031   0.29   
OH_IrRu_211_bridge2-s-1   -0.707   2.743   2.689   1.065   4.16   7.0   2   -1.446   2.214   0.595   4.915   5.189   8.241   1.305   7.398   1.005   2.2   1.807   0.322   
OH_Rh_211_hcp-t   0.601   2.734   2.716   0.99   3.32   9.333   3   -1.494   2.387   1.923   10.835   5.078   7.459   1.143   7.865   1.115   2.28   1.819   0.127   
OH_Ag_211_fcc-t   0.585   2.985   2.98   0.89   2.26   9.667   3   -4.062   1.129   3.195   22.848   4.427   7.576   1.304   9.842   1.186   1.93   0.041   0.268   
OH_Ag@Cu_211_fcc-t-2   0.441   2.603   2.589   0.67   1.0   9.667   3   -2.452   1.126   1.956   14.94   4.719   7.726   1.236   9.739   1.269   1.9   0.106   0.23   
OH_AgPd_211_top-s-2   0.77   2.819   2.84   0.94   2.78   7.0   1   -1.231   1.261   0.847   10.695   5.21   8.337   0.562   9.47   0.726   2.2   0.486   0.186   
OH_PtRh_211_bridge3-s-1   0.524   2.786   2.762   1.015   3.61   8.5   2   -1.758   2.129   1.414   8.547   5.414   8.209   1.634   8.359   1.12   2.28   1.853   0.151   
OH_Ir_111_bridge   0.491   2.753   2.743   1.08   4.45   9.0   2   -1.91   2.546   0.575   4.095   5.74   9.121   1.564   7.688   1.301   2.2   1.218   0.135   
OH_AgPd_211_bridge2-s-2   0.442   2.902   2.866   0.915   2.52   7.0   2   -2.343   1.118   1.815   13.473   4.819   7.957   0.933   9.672   0.795   2.065   0.262   0.193   
OH_Ru_211_bridge3-s   -0.247   2.732   2.703   1.05   3.87   8.5   2   -1.252   2.065   0.41   3.639   4.889   7.361   1.046   7.115   0.878   2.2   1.552   0.196   
OH_Pt_211_bridge1-s   0.774   2.838   2.801   1.04   3.9   8.0   2   -1.966   1.975   0.815   5.664   5.75   8.959   2.125   8.792   1.149   2.28   1.753   0.153   
OH_Pd@Ir_211_bridge2-s-2   -0.467   2.753   2.692   1.08   4.45   7.0   2   -1.717   2.428   0.704   5.109   5.489   9.121   1.564   7.798   1.203   2.2   1.659   0.262   
OH_Pd@Ir_211_bridge1-t-1   0.646   2.753   2.735   1.08   4.45   9.5   2   -1.956   2.667   0.739   4.645   5.489   9.121   1.564   7.7   1.302   2.2   1.372   0.125   
OH_Ru_211_top-s   -0.384   2.732   2.683   1.05   3.87   7.0   1   -1.159   1.939   0.391   3.926   4.889   7.361   1.046   7.152   0.808   2.2   1.745   0.269   
OH_Pd@Ir_211_bridge2-t-1   0.351   2.753   2.725   1.08   4.45   9.0   2   -1.939   2.61   0.703   4.544   5.489   9.121   1.564   7.691   1.293   2.2   1.372   0.142   
OH_Pd_100_bridge   0.354   2.819   2.816   0.94   2.78   8.0   2   -1.528   1.308   0.818   6.653   5.279   8.337   0.562   9.316   0.721   2.2   1.883   0.135   
OH_Rh_211_top-t   0.46   2.734   2.707   0.99   3.32   9.0   1   -1.494   2.355   1.896   10.748   5.078   7.459   1.143   7.87   1.1   2.28   1.841   0.137   
OH_IrRu_211_bridge3-s-2   0.058   2.743   2.712   1.065   4.16   8.5   2   -1.583   2.36   0.646   4.781   5.189   8.241   1.305   7.342   1.073   2.2   1.538   0.192   
OH_IrRu_211_bridge1-s-1   0.019   2.743   2.695   1.065   4.16   8.0   2   -1.566   2.329   0.619   4.636   5.189   8.241   1.305   7.375   1.051   2.2   1.676   0.257   
OH_IrRu_211_top-s-2   -0.151   2.732   2.694   1.05   3.87   7.0   1   -1.203   2.137   0.362   4.595   4.889   7.361   1.046   7.066   0.87   2.2   2.026   0.254   
OH_Pt@Rh_211_bridge1-t-2   0.434   2.734   2.723   0.99   3.32   9.5   2   -1.485   2.422   1.96   11.12   5.078   7.459   1.143   7.849   1.128   2.28   1.842   0.122   
OH_Au_211_fcc-t   1.444   2.99   2.993   1.01   3.35   9.667   3   -3.283   1.455   1.473   9.308   5.28   9.226   2.309   9.715   1.303   2.54   0.098   0.22   
OH_Pt_110_shortbridge   0.324   2.838   2.775   1.04   3.9   7.0   2   -1.882   1.911   0.735   5.687   5.549   8.959   2.125   8.894   1.081   2.28   2.378   0.241   
OH_Ag@Cu_211_bridge1-s-1   0.401   2.794   2.668   0.78   1.63   8.0   2   -3.27   1.076   2.295   15.97   4.573   7.651   1.27   9.752   1.067   1.915   0.074   0.256   
OH_Pt@Rh_211_top-s-1   0.423   2.838   2.732   1.04   3.9   7.0   1   -2.041   1.812   1.091   5.992   5.75   8.959   2.125   8.785   1.007   2.28   1.109   0.211   
OH_Au@Ni_211_bridge1-t-3   0.218   2.502   2.486   0.71   1.16   9.5   2   -1.29   1.866   2.621   16.309   4.945   7.64   1.157   8.707   1.296   1.91   1.875   0.128   
OH_AgAu_211_hcp-s-2   0.717   2.987   2.951   0.93   2.623   7.667   3   -3.638   1.138   2.156   15.106   4.712   8.126   1.639   9.796   1.107   2.133   0.051   0.253   
OH_Au@Ni_211_bridge1-s-3   -0.014   2.502   2.469   0.71   1.16   8.0   2   -1.214   1.751   2.529   16.736   4.945   7.64   1.157   8.74   1.223   1.91   1.989   0.179   
OH_Pd@Ir_211_top-t-1   0.391   2.753   2.725   1.08   4.45   9.0   1   -1.939   2.61   0.703   4.544   5.489   9.121   1.564   7.691   1.293   2.2   1.372   0.142   
OH_Ni_211_hcp-t   0.275   2.502   2.489   0.71   1.16   9.333   3   -1.28   1.837   2.625   16.521   4.945   7.64   1.157   8.791   1.292   1.91   1.847   0.136   
OH_Pd@Ir_211_bridge1-t-3   0.726   2.753   2.731   1.08   4.45   9.5   2   -1.998   2.763   0.83   4.967   5.489   9.121   1.564   7.672   1.312   2.2   1.303   0.111   
OH_Ni_211_bridge1-t   0.3   2.502   2.493   0.71   1.16   9.5   2   -1.291   1.852   2.632   16.481   4.945   7.64   1.157   8.792   1.3   1.91   1.809   0.132   
OH_AgPd_211_top-t-2   1.339   2.985   2.894   0.89   2.26   9.0   1   -3.508   1.097   2.385   12.429   4.427   7.576   1.304   9.85   0.977   1.93   0.049   0.168   
OH_Pt@Rh_211_hcp-t-1   0.637   2.734   2.721   0.99   3.32   9.333   3   -1.474   2.398   1.9   10.861   5.078   7.459   1.143   7.86   1.134   2.28   1.85   0.129   
OH_Au@Ni_211_top-t-2   0.441   2.502   2.473   0.71   1.16   9.0   1   -1.281   1.83   2.584   16.216   4.945   7.64   1.157   8.704   1.273   1.91   1.907   0.143   
OH_AgAu_211_bridge1-s-2   0.791   2.985   2.965   0.89   2.26   8.0   2   -3.847   1.079   2.273   15.66   4.427   7.576   1.304   9.824   1.038   1.93   0.042   0.223   
OH_Cu_110_shortbridge   -0.208   2.603   2.562   0.67   1.0   7.0   2   -2.234   0.899   0.817   9.927   4.699   7.726   1.236   9.824   1.113   1.9   0.099   0.287   
OH_Ag@Cu_211_bridge2-t-1   0.158   2.603   2.603   0.67   1.0   9.0   2   -2.399   1.02   1.251   11.696   4.719   7.726   1.236   9.719   1.248   1.9   0.104   0.253   
OH_Rh_211_top-s   0.1   2.734   2.694   0.99   3.32   7.0   1   -1.293   2.1   1.885   11.473   5.078   7.459   1.143   7.974   0.988   2.28   2.07   0.24   
OH_Pd@Ir_211_hcp-t-2   1.105   2.753   2.729   1.08   4.45   9.333   3   -1.978   2.712   0.788   4.826   5.489   9.121   1.564   7.678   1.305   2.2   1.326   0.121   
OH_Ir_211_bridge3-s   0.189   2.753   2.727   1.08   4.45   8.5   2   -1.848   2.58   0.707   4.787   5.489   9.121   1.564   7.754   1.273   2.2   1.437   0.178   
OH_Pd@Ir_211_top-t-2   0.509   2.753   2.708   1.08   4.45   9.0   1   -1.986   2.793   0.887   5.248   5.489   9.121   1.564   7.656   1.296   2.2   1.307   0.12   
OH_Ru_110_shortbridge   -0.628   2.732   2.671   1.05   3.87   7.0   2   -1.255   1.952   0.34   3.493   4.764   7.361   1.046   7.115   0.827   2.2   1.781   0.204   
OH_Ag@Cu_211_bridge1-t-1   0.356   2.603   2.602   0.67   1.0   9.5   2   -2.444   1.082   1.56   13.114   4.719   7.726   1.236   9.733   1.284   1.9   0.104   0.241   
OH_Pd_111_bridge   0.596   2.819   2.821   0.94   2.78   9.0   2   -1.614   1.339   0.576   4.833   5.422   8.337   0.562   9.318   0.764   2.2   2.114   0.127   
OH_Au@Ni_211_hcp-t-2   0.176   2.502   2.495   0.71   1.16   9.333   3   -1.268   1.839   2.59   16.407   4.945   7.64   1.157   8.709   1.284   1.91   1.915   0.134   
OH_PtRh_211_top-t-1   0.737   2.838   2.77   1.04   3.9   9.0   1   -2.207   2.154   1.403   7.672   5.75   8.959   2.125   8.727   1.118   2.28   1.525   0.128   
OH_PtRh_211_bridge2-t-1   0.563   2.786   2.761   1.015   3.61   9.0   2   -1.809   2.22   1.459   8.591   5.414   8.209   1.634   8.33   1.166   2.28   2.02   0.134   
OH_AgPd_211_bridge2-s-1   0.451   2.902   2.866   0.915   2.52   7.0   2   -2.343   1.118   1.815   13.473   4.819   7.957   0.933   9.672   0.795   2.065   0.262   0.193   
OH_Ag_100_bridge   0.274   2.985   2.977   0.89   2.26   8.0   2   -3.983   0.95   2.723   20.403   4.432   7.576   1.304   9.905   1.073   1.93   0.032   0.244   
OH_Ir_211_bridge2-t   0.562   2.753   2.715   1.08   4.45   9.0   2   -2.027   2.683   0.694   4.35   5.489   9.121   1.564   7.682   1.31   2.2   1.263   0.122   
OH_Ag@Cu_211_bridge3-s-2   0.169   2.603   2.575   0.67   1.0   8.5   2   -2.394   1.056   1.596   13.849   4.719   7.726   1.236   9.764   1.23   1.9   0.097   0.257   
OH_Pd_211_bridge1-t   0.8   2.819   2.817   0.94   2.78   9.5   2   -1.692   1.401   0.68   5.034   5.21   8.337   0.562   9.272   0.796   2.2   2.219   0.118   
OH_Ni_110_shortbridge   -0.502   2.502   2.462   0.71   1.16   7.0   2   -1.198   1.668   2.732   18.494   4.733   7.64   1.157   8.773   1.121   1.91   2.17   0.181   
OH_Pt@Rh_211_bridge2-s-1   -0.123   2.786   2.714   1.015   3.61   7.0   2   -1.667   1.96   1.45   8.576   5.414   8.209   1.634   8.369   1.009   2.28   1.633   0.221   
OH_Rh_111_bridge   0.197   2.734   2.725   0.99   3.32   9.0   2   -1.516   2.023   1.077   6.347   5.347   7.459   1.143   7.991   1.094   2.28   1.765   0.158   
OH_Au@Ni_211_bridge3-s-2   0.029   2.502   2.482   0.71   1.16   8.5   2   -1.226   1.788   2.568   16.836   4.945   7.64   1.157   8.738   1.246   1.91   1.95   0.164   
OH_Au@Ni_211_fcc-s-2   -0.107   2.502   2.483   0.71   1.16   8.333   3   -1.218   1.763   2.529   16.689   4.945   7.64   1.157   8.723   1.235   1.91   1.988   0.167   
OH_Pt@Rh_211_bridge3-s-2   0.174   2.734   2.713   0.99   3.32   8.5   2   -1.396   2.301   1.943   11.395   5.078   7.459   1.143   7.893   1.074   2.28   1.975   0.168   
OH_AgAu_211_bridge1-s-4   1.103   2.99   2.945   1.01   3.35   8.0   2   -3.281   1.318   1.959   13.591   5.28   9.226   2.309   9.726   1.288   2.54   0.076   0.292   
OH_AgAu_211_bridge1-t-1   1.239   2.99   2.968   1.01   3.35   9.5   2   -3.404   1.398   1.966   12.688   5.28   9.226   2.309   9.705   1.353   2.54   0.085   0.263   
OH_Ag@Cu_211_bridge2-s-2   -0.235   2.603   2.552   0.67   1.0   7.0   2   -2.316   0.977   1.235   12.981   4.719   7.726   1.236   9.796   1.173   1.9   0.089   0.29   
OH_Au@Ni_211_bridge2-t-2   -0.016   2.502   2.492   0.71   1.16   9.0   2   -1.251   1.808   2.556   16.404   4.945   7.64   1.157   8.705   1.267   1.91   1.952   0.144   
OH_Ni_211_bridge1-s   0.028   2.502   2.473   0.71   1.16   8.0   2   -1.224   1.729   2.657   17.424   4.945   7.64   1.157   8.833   1.21   1.91   1.88   0.182   
OH_Cu_211_bridge3-s   0.181   2.603   2.577   0.67   1.0   8.5   2   -2.372   1.044   1.709   14.199   4.719   7.726   1.236   9.719   1.209   1.9   0.097   0.244   
OH_Au@Ni_211_bridge1-s-2   0.027   2.502   2.488   0.71   1.16   8.0   2   -1.186   1.73   2.502   16.925   4.945   7.64   1.157   8.732   1.216   1.91   2.028   0.18   
OH_Cu_211_bridge2-t   0.28   2.603   2.581   0.67   1.0   9.0   2   -2.391   1.117   2.175   17.132   4.719   7.726   1.236   9.68   1.239   1.9   0.105   0.239   
OH_Pd@Ir_211_bridge3-s-2   0.155   2.753   2.723   1.08   4.45   8.5   2   -1.863   2.581   0.738   4.898   5.489   9.121   1.564   7.743   1.265   2.2   1.479   0.182   
OH_AgPd_211_hcp-s-2   0.584   2.874   2.866   0.923   2.607   7.667   3   -2.026   1.214   1.576   12.415   4.949   8.083   0.809   9.584   0.803   2.11   0.379   0.179   
OH_Ru_211_bridge1-t   0.071   2.732   2.71   1.05   3.87   9.5   2   -1.356   2.163   0.405   3.281   4.889   7.361   1.046   7.071   0.925   2.2   1.335   0.133   
OH_AgAu_211_fcc-s-1   0.786   2.987   2.965   0.93   2.623   8.333   3   -3.679   1.18   2.18   14.835   4.712   8.126   1.639   9.786   1.136   2.133   0.056   0.239   
OH_Au@Ni_211_bridge2-t-1   0.071   2.502   2.511   0.71   1.16   9.0   2   -1.22   1.787   2.526   16.583   4.945   7.64   1.157   8.699   1.261   1.91   2.0   0.145   
OH_Pt@Rh_211_bridge1-s-1   0.477   2.786   2.723   1.015   3.61   8.0   2   -1.755   2.081   1.467   8.301   5.414   8.209   1.634   8.326   1.062   2.28   1.499   0.175   
OH_AgPd_211_bridge3-s-2   0.727   2.902   2.872   0.915   2.52   8.5   2   -2.376   1.204   1.598   11.249   4.819   7.957   0.933   9.657   0.875   2.065   0.272   0.166   
OH_Cu_211_top-t   0.64   2.603   2.581   0.67   1.0   9.0   1   -2.39   1.117   2.175   17.144   4.719   7.726   1.236   9.681   1.238   1.9   0.105   0.239   
OH_Au@Ni_211_top-s-1   0.98   2.99   2.983   1.01   3.35   10.0   1   -3.455   1.525   2.612   13.326   5.28   9.226   2.309   9.565   1.159   2.54   0.197   0.21   
OH_Cu_211_fcc-t   0.426   2.603   2.593   0.67   1.0   9.667   3   -2.439   1.127   2.038   15.569   4.719   7.726   1.236   9.697   1.272   1.9   0.104   0.229   
OH_Ag@Cu_211_top-t-2   0.651   2.603   2.573   0.67   1.0   9.0   1   -2.411   1.108   1.956   15.386   4.719   7.726   1.236   9.752   1.236   1.9   0.106   0.243   
OH_Ir_211_hcp-t   1.147   2.753   2.728   1.08   4.45   9.333   3   -2.013   2.697   0.721   4.475   5.489   9.121   1.564   7.69   1.316   2.2   1.287   0.114   
OH_Ir_100_bridge   -0.159   2.753   2.718   1.08   4.45   8.0   2   -1.797   2.5   0.501   4.194   5.756   9.121   1.564   7.701   1.235   2.2   1.195   0.194   
OH_Au_211_bridge2-s   0.742   2.99   2.936   1.01   3.35   7.0   2   -3.127   1.323   1.431   10.044   5.28   9.226   2.309   9.732   1.2   2.54   0.079   0.26   
OH_Pd_110_shortbridge   0.384   2.819   2.784   0.94   2.78   7.0   2   -1.499   1.253   0.507   5.241   5.008   8.337   0.562   9.42   0.678   2.2   2.368   0.103   
OH_Ni_111_bridge   0.016   2.502   2.496   0.71   1.16   9.0   2   -1.3   1.56   1.694   10.733   5.291   7.64   1.157   8.659   1.251   1.91   1.902   0.148   
OH_Pd@Ir_211_bridge3-s-1   0.465   2.786   2.769   1.01   3.615   8.5   2   -2.044   2.161   0.663   5.349   5.35   8.729   1.063   8.458   1.072   2.2   1.035   0.14   
OH_Rh_211_bridge2-s   -0.39   2.734   2.694   0.99   3.32   7.0   2   -1.293   2.099   1.886   11.48   5.078   7.459   1.143   7.969   0.987   2.28   2.07   0.24   
OH_Ag_111_bridge   0.632   2.985   2.98   0.89   2.26   9.0   2   -4.122   0.941   2.136   15.042   4.61   7.576   1.304   9.793   1.148   1.93   0.043   0.309   
OH_Ag@Cu_211_hcp-t-2   0.317   2.603   2.591   0.67   1.0   9.333   3   -2.427   1.088   1.721   13.933   4.719   7.726   1.236   9.734   1.257   1.9   0.105   0.24   
OH_Cu_211_fcc-s   0.08   2.603   2.573   0.67   1.0   8.333   3   -2.355   1.063   1.935   15.964   4.719   7.726   1.236   9.692   1.202   1.9   0.1   0.247   
OH_PtRh_211_bridge1-t-2   0.842   2.786   2.779   1.015   3.61   9.5   2   -1.793   2.259   1.499   8.764   5.414   8.209   1.634   8.319   1.194   2.28   1.857   0.12   
OH_Ru_211_top-t   0.347   2.732   2.696   1.05   3.87   9.0   1   -1.365   2.135   0.378   3.207   4.889   7.361   1.046   7.066   0.902   2.2   1.312   0.143   
OH_PtRh_211_bridge1-s-3   0.542   2.786   2.749   1.015   3.61   8.0   2   -1.722   2.106   1.39   8.563   5.414   8.209   1.634   8.378   1.108   2.28   1.942   0.17   
OH_Au_211_bridge3-s   1.011   2.99   2.967   1.01   3.35   8.5   2   -3.223   1.395   1.453   9.599   5.28   9.226   2.309   9.714   1.257   2.54   0.088   0.237   
OH_Cu_211_top-s   0.305   2.603   2.556   0.67   1.0   7.0   1   -2.283   0.955   1.454   13.628   4.719   7.726   1.236   9.717   1.129   1.9   0.09   0.264   
OH_AgAu_211_bridge3-s-1   0.843   2.988   2.958   0.95   2.805   8.5   2   -3.568   1.23   2.163   14.797   4.854   8.401   1.807   9.762   1.191   2.235   0.059   0.26   
OH_Pt_211_top-s   0.538   2.838   2.781   1.04   3.9   7.0   1   -1.894   1.89   0.785   5.806   5.75   8.959   2.125   8.815   1.102   2.28   1.72   0.176   
OH_Ni_211_bridge3-s   0.036   2.502   2.484   0.71   1.16   8.5   2   -1.231   1.769   2.678   17.366   4.945   7.64   1.157   8.821   1.232   1.91   1.786   0.169   
OH_Au@Ni_211_fcc-t-2   0.362   2.502   2.491   0.71   1.16   9.667   3   -1.294   1.878   2.634   16.344   4.945   7.64   1.157   8.711   1.304   1.91   1.864   0.124   
OH_Pd@Ir_211_bridge1-t-2   0.712   2.753   2.739   1.08   4.45   9.5   2   -1.975   2.671   0.738   4.615   5.489   9.121   1.564   7.689   1.31   2.2   1.336   0.122   
OH_Au_211_top-t   1.397   2.99   2.982   1.01   3.35   9.0   1   -3.21   1.433   1.474   9.625   5.28   9.226   2.309   9.726   1.281   2.54   0.097   0.233   
OH_Au_211_bridge2-t   1.217   2.99   2.982   1.01   3.35   9.0   2   -3.21   1.432   1.472   9.618   5.28   9.226   2.309   9.733   1.281   2.54   0.097   0.233   
OH_Pd_211_fcc-t   0.971   2.819   2.82   0.94   2.78   9.667   3   -1.715   1.405   0.682   4.968   5.21   8.337   0.562   9.265   0.804   2.2   2.178   0.115   
OH_Pt_111_bridge   0.913   2.838   2.838   1.04   3.9   9.0   2   -1.944   1.98   0.835   5.618   5.922   8.959   2.125   8.832   1.181   2.28   1.733   0.107   
OH_Pt_211_top-t   0.828   2.838   2.82   1.04   3.9   9.0   1   -2.037   2.06   0.845   5.53   5.75   8.959   2.125   8.769   1.2   2.28   1.789   0.129   
OH_Ni_211_top-s   0.038   2.502   2.464   0.71   1.16   7.0   1   -1.152   1.645   2.703   18.317   4.945   7.64   1.157   8.858   1.14   1.91   1.888   0.218   
OH_Pd_211_bridge1-s   0.586   2.819   2.799   0.94   2.78   8.0   2   -1.567   1.308   0.594   5.247   5.21   8.337   0.562   9.312   0.727   2.2   2.244   0.137   
OH_AgAu_211_fcc-s-2   1.034   2.988   2.954   0.97   2.987   8.333   3   -3.482   1.262   2.073   14.173   4.996   8.676   1.974   9.754   1.223   2.337   0.066   0.268   
OH_Pd@Ir_211_bridge1-s-2   0.234   2.753   2.709   1.08   4.45   8.0   2   -1.828   2.519   0.704   4.827   5.489   9.121   1.564   7.745   1.248   2.2   1.516   0.202   
OH_Au_111_bridge   1.139   2.99   2.996   1.01   3.35   9.0   2   -3.319   1.336   1.289   8.483   5.321   9.226   2.309   9.738   1.303   2.54   0.113   0.294   
OH_IrRu_211_bridge1-t-4   0.441   2.743   2.718   1.065   4.16   9.5   2   -1.703   2.475   0.67   4.502   5.189   8.241   1.305   7.319   1.12   2.2   1.407   0.128   
OH_Pd_211_hcp-t   0.954   2.819   2.814   0.94   2.78   9.333   3   -1.677   1.386   0.62   4.792   5.21   8.337   0.562   9.276   0.789   2.2   2.252   0.12   
OH_Ag_211_fcc-s   0.446   2.985   2.963   0.89   2.26   8.333   3   -4.024   1.059   3.219   24.252   4.427   7.576   1.304   9.85   1.116   1.93   0.037   0.284   
OH_Au_110_shortbridge   0.767   2.99   2.941   1.01   3.35   7.0   2   -3.09   1.31   1.368   9.976   5.23   9.226   2.309   9.719   1.177   2.54   0.077   0.274   
OH_PtRh_211_bridge1-s-2   0.762   2.838   2.76   1.04   3.9   8.0   2   -2.102   2.022   1.313   7.509   5.75   8.959   2.125   8.77   1.076   2.28   1.448   0.169   
OH_AgAu_211_bridge1-s-3   0.938   2.988   2.948   0.95   2.805   8.0   2   -3.552   1.203   2.111   14.668   4.854   8.401   1.807   9.775   1.169   2.235   0.058   0.266   
OH_AgAu_211_bridge1-t-2   1.061   2.988   2.971   0.95   2.805   9.5   2   -3.675   1.283   2.118   13.765   4.854   8.401   1.807   9.754   1.233   2.235   0.066   0.237   
OH_Au@Ni_211_bridge1-t-1   0.342   2.502   2.512   0.71   1.16   9.5   2   -1.243   1.845   2.536   16.276   4.945   7.64   1.157   8.681   1.295   1.91   1.863   0.132   
OH_Pt@Rh_211_bridge1-t-3   0.448   2.734   2.717   0.99   3.32   9.5   2   -1.496   2.428   1.985   11.174   5.078   7.459   1.143   7.845   1.116   2.28   1.836   0.12   
OH_Pd_211_top-t   0.821   2.819   2.809   0.94   2.78   9.0   1   -1.635   1.372   0.587   4.769   5.21   8.337   0.562   9.286   0.773   2.2   2.325   0.125   
OH_Pt_211_bridge2-s   0.164   2.838   2.781   1.04   3.9   7.0   2   -1.895   1.891   0.786   5.804   5.75   8.959   2.125   8.812   1.101   2.28   1.72   0.176   
OH_AgPd_211_bridge1-s-4   0.598   2.819   2.853   0.94   2.78   8.0   2   -1.31   1.332   0.973   10.497   5.21   8.337   0.562   9.439   0.772   2.2   0.55   0.169   
OH_Ag_211_top-s   0.896   2.985   2.946   0.89   2.26   7.0   1   -4.008   0.934   2.824   21.923   4.427   7.576   1.304   9.865   1.051   1.93   0.031   0.29   
OH_Ag@Cu_211_bridge1-t-3   0.385   2.603   2.585   0.67   1.0   9.5   2   -2.442   1.122   1.956   15.051   4.719   7.726   1.236   9.742   1.261   1.9   0.106   0.233   
OH_Rh_100_bridge   -0.116   2.734   2.71   0.99   3.32   8.0   2   -1.413   2.024   1.234   7.427   5.266   7.459   1.143   7.942   1.054   2.28   1.839   0.184   
OH_Ru_211_hcp-t   0.065   2.732   2.706   1.05   3.87   9.333   3   -1.359   2.154   0.396   3.257   4.889   7.361   1.046   7.068   0.917   2.2   1.328   0.137   
OH_AgPd_211_top-s-1   1.217   2.985   2.892   0.89   2.26   7.0   1   -3.456   0.976   2.784   16.251   4.427   7.576   1.304   9.873   0.865   1.93   0.037   0.2   
OH_Ag@Cu_211_bridge1-s-2   0.11   2.603   2.578   0.67   1.0   8.0   2   -2.358   0.999   1.243   12.338   4.719   7.726   1.236   9.758   1.211   1.9   0.096   0.271   
OH_Rh_110_shortbridge   -0.12   2.734   2.684   0.99   3.32   7.0   2   -1.362   2.148   1.94   11.854   4.831   7.459   1.143   7.945   0.99   2.28   2.167   0.179   
OH_PtRh_211_top-t-2   0.526   2.734   2.753   0.99   3.32   9.0   1   -1.411   2.286   1.514   9.511   5.078   7.459   1.143   7.933   1.214   2.28   2.515   0.14   
OH_Au_211_bridge1-t   1.341   2.99   2.99   1.01   3.35   9.5   2   -3.264   1.449   1.473   9.383   5.28   9.226   2.309   9.72   1.297   2.54   0.098   0.223   
OH_Pd_211_bridge2-t   0.621   2.819   2.809   0.94   2.78   9.0   2   -1.635   1.372   0.587   4.77   5.21   8.337   0.562   9.288   0.773   2.2   2.33   0.125   
OH_Ru_111_bridge   -0.202   2.732   2.71   1.05   3.87   9.0   2   -1.318   2.085   0.338   3.172   5.266   7.361   1.046   7.068   0.888   2.2   2.11   0.216   
OH_Ag_211_bridge2-t   0.612   2.985   2.972   0.89   2.26   9.0   2   -4.033   1.122   3.417   25.416   4.427   7.576   1.304   9.843   1.148   1.93   0.04   0.281   
OH_Ag@Cu_211_bridge2-t-2   0.284   2.603   2.588   0.67   1.0   9.0   2   -2.405   1.064   1.604   13.541   4.719   7.726   1.236   9.735   1.242   1.9   0.105   0.248   
OH_PtRh_211_bridge2-s-2   -0.158   2.786   2.739   1.015   3.61   7.0   2   -1.617   1.974   1.3   8.401   5.414   8.209   1.634   8.421   1.065   2.28   1.865   0.212   
OH_Ag@Cu_211_top-s-2   -0.016   2.603   2.552   0.67   1.0   7.0   1   -2.316   0.977   1.235   12.981   4.719   7.726   1.236   9.796   1.173   1.9   0.089   0.29   
OH_Ir_211_bridge1-s   0.356   2.753   2.707   1.08   4.45   8.0   2   -1.868   2.558   0.667   4.598   5.489   9.121   1.564   7.742   1.262   2.2   1.401   0.19   
OH_PtRh_211_bridge1-t-1   0.529   2.734   2.77   0.99   3.32   9.5   2   -1.395   2.326   1.555   9.684   5.078   7.459   1.143   7.922   1.241   2.28   2.352   0.126   
OH_AgAu_211_bridge2-t-1   0.982   2.988   2.968   0.95   2.805   9.0   2   -3.614   1.266   2.148   14.261   4.854   8.401   1.807   9.76   1.212   2.235   0.065   0.246   
OH_PtRh_211_bridge1-s-1   0.52   2.786   2.751   1.015   3.61   8.0   2   -1.704   2.088   1.368   8.429   5.414   8.209   1.634   8.373   1.123   2.28   1.943   0.175   
OH_Pd_211_fcc-s   0.599   2.819   2.803   0.94   2.78   8.333   3   -1.59   1.329   0.592   5.089   5.21   8.337   0.562   9.303   0.743   2.2   2.269   0.133   
OH_PtRh_211_top-s-2   0.238   2.734   2.728   0.99   3.32   7.0   1   -1.238   2.059   1.378   9.455   5.078   7.459   1.143   8.03   1.097   2.28   2.359   0.213   
OH_Ag@Cu_211_fcc-s-2   0.094   2.603   2.576   0.67   1.0   8.333   3   -2.375   1.035   1.481   13.354   4.719   7.726   1.236   9.756   1.219   1.9   0.099   0.262   
OH_AgAu_211_top-s-1   1.201   2.985   2.958   0.89   2.26   7.0   1   -3.808   1.008   2.246   15.982   4.427   7.576   1.304   9.839   0.983   1.93   0.038   0.225   
OH_Pd_211_bridge3-s   0.579   2.819   2.808   0.94   2.78   8.5   2   -1.625   1.337   0.687   5.511   5.21   8.337   0.562   9.294   0.75   2.2   2.128   0.13   
OH_AgAu_211_bridge1-s-1   0.93   2.988   2.961   0.95   2.805   8.0   2   -3.575   1.195   2.121   14.583   4.854   8.401   1.807   9.775   1.157   2.235   0.061   0.248   
OH_AgAu_211_bridge2-t-2   0.973   2.988   2.968   0.95   2.805   9.0   2   -3.614   1.266   2.148   14.261   4.854   8.401   1.807   9.76   1.212   2.235   0.065   0.246   
OH_Pt@Rh_211_top-t-1   0.494   2.734   2.714   0.99   3.32   9.0   1   -1.47   2.351   1.843   10.61   5.078   7.459   1.143   7.866   1.117   2.28   1.89   0.139   
OH_Cu_111_bridge   0.279   2.603   2.596   0.67   1.0   9.0   2   -2.446   0.95   0.826   8.438   4.992   7.726   1.236   9.834   1.244   1.9   0.106   0.275   
OH_Ni_100_bridge   -0.338   2.502   2.486   0.71   1.16   8.0   2   -1.173   1.742   2.723   18.018   5.115   7.64   1.157   8.69   1.198   1.91   1.9   0.173   
OH_Pt@Rh_211_hcp-t-2   0.597   2.734   2.716   0.99   3.32   9.333   3   -1.487   2.402   1.938   10.986   5.078   7.459   1.143   7.852   1.116   2.28   1.854   0.127   
OH_Ir_110_shortbridge   -0.193   2.753   2.691   1.08   4.45   7.0   2   -1.804   2.47   0.688   4.986   5.208   9.121   1.564   7.741   1.183   2.2   1.807   0.245   
OH_AgAu_211_hcp-t-2   0.979   2.987   2.976   0.93   2.623   9.333   3   -3.715   1.246   2.233   14.706   4.712   8.126   1.639   9.768   1.187   2.133   0.06   0.233   
OH_Cu_100_bridge   -0.012   2.603   2.582   0.67   1.0   8.0   2   -2.294   1.011   1.584   13.873   4.743   7.726   1.236   9.622   1.165   1.9   0.084   0.253   
OH_PtRh_211_bridge1-s-4   0.257   2.734   2.741   0.99   3.32   8.0   2   -1.325   2.173   1.446   9.483   5.078   7.459   1.143   7.982   1.156   2.28   2.437   0.176   
OH_AgPd_211_bridge1-t-4   0.926   2.902   2.885   0.915   2.52   9.5   2   -2.456   1.276   1.724   11.051   4.819   7.957   0.933   9.627   0.921   2.065   0.336   0.149   
OH_IrRu_211_fcc-s-2   0.134   2.739   2.701   1.06   4.063   8.333   3   -1.531   2.352   0.573   4.588   5.089   7.948   1.219   7.234   1.027   2.2   1.702   0.184   
OH_Ru_100_bridge   -0.536   2.732   2.703   1.05   3.87   8.0   2   -1.197   2.03   0.432   3.927   5.109   7.361   1.046   7.128   0.861   2.2   1.969   0.238   
OH_Cu_211_bridge1-t   0.379   2.603   2.59   0.67   1.0   9.5   2   -2.427   1.125   2.071   15.952   4.719   7.726   1.236   9.695   1.264   1.9   0.104   0.231   
OH_Pd@Ir_211_bridge2-s-1   -0.326   2.786   2.742   1.01   3.615   7.0   2   -1.915   2.013   0.628   5.531   5.35   8.729   1.063   8.502   1.017   2.2   1.179   0.218   
OH_PtRh_211_bridge3-s-2   0.402   2.786   2.769   1.015   3.61   8.5   2   -1.688   2.128   1.408   8.601   5.414   8.209   1.634   8.361   1.151   2.28   1.78   0.161   
OH_AgPd_211_bridge1-s-2   0.91   2.985   2.893   0.89   2.26   8.0   2   -3.482   1.036   2.585   14.34   4.427   7.576   1.304   9.862   0.921   1.93   0.043   0.184   
OH_AgPd_211_bridge1-s-1   0.748   2.902   2.878   0.915   2.52   8.0   2   -2.423   1.19   1.941   13.275   4.819   7.957   0.933   9.641   0.842   2.065   0.326   0.176   
OH_Ir_211_top-s   -0.126   2.753   2.699   1.08   4.45   7.0   1   -1.703   2.45   0.68   5.016   5.489   9.121   1.564   7.799   1.214   2.2   1.537   0.258   
OH_IrRu_211_fcc-s-1   0.349   2.746   2.698   1.07   4.257   8.333   3   -1.694   2.404   0.728   4.801   5.289   8.534   1.391   7.456   1.118   2.2   1.556   0.229   
OH_AgAu_211_bridge3-s-2   0.879   2.988   2.965   0.95   2.805   8.5   2   -3.637   1.211   2.091   14.087   4.854   8.401   1.807   9.769   1.178   2.235   0.062   0.239   
OH_Pt_211_bridge3-s   0.67   2.838   2.817   1.04   3.9   8.5   2   -1.996   1.985   0.83   5.643   5.75   8.959   2.125   8.807   1.164   2.28   1.596   0.135   
OH_Pt@Rh_211_fcc-t-2   0.701   2.734   2.722   0.99   3.32   9.667   3   -1.497   2.45   2.016   11.326   5.078   7.459   1.143   7.841   1.123   2.28   1.822   0.115   
OH_Ag_211_hcp-t   0.558   2.985   2.976   0.89   2.26   9.333   3   -4.047   1.126   3.305   24.126   4.427   7.576   1.304   9.841   1.167   1.93   0.04   0.275   
OH_AgPd_211_bridge2-t-1   0.72   2.902   2.879   0.915   2.52   9.0   2   -2.449   1.25   1.742   11.364   4.819   7.957   0.933   9.629   0.898   2.065   0.331   0.16   
OH_Rh_211_bridge1-s   0.181   2.734   2.7   0.99   3.32   8.0   2   -1.393   2.226   1.891   11.121   5.078   7.459   1.143   7.918   1.043   2.28   1.955   0.189   
OH_PtRh_211_bridge2-s-1   -0.112   2.786   2.739   1.015   3.61   7.0   2   -1.617   1.974   1.3   8.401   5.414   8.209   1.634   8.421   1.065   2.28   1.865   0.212   
OH_Ag@Cu_211_bridge1-t-2   0.367   2.603   2.6   0.67   1.0   9.5   2   -2.436   1.078   1.604   13.206   4.719   7.726   1.236   9.725   1.267   1.9   0.105   0.238   
OH_IrRu_211_bridge2-t-2   0.126   2.743   2.704   1.065   4.16   9.0   2   -1.695   2.46   0.678   4.584   5.189   8.241   1.305   7.319   1.106   2.2   1.54   0.149   
OH_AgPd_211_bridge2-t-2   0.877   2.902   2.879   0.915   2.52   9.0   2   -2.449   1.25   1.742   11.364   4.819   7.957   0.933   9.629   0.898   2.065   0.331   0.16   
OH_Pt@Rh_211_bridge1-s-2   0.257   2.734   2.705   0.99   3.32   8.0   2   -1.381   2.229   1.826   10.886   5.078   7.459   1.143   7.909   1.064   2.28   2.023   0.185   
OH_Pd@Ir_211_fcc-s-2   0.58   2.753   2.708   1.08   4.45   8.333   3   -1.881   2.611   0.765   4.967   5.489   9.121   1.564   7.715   1.264   2.2   1.446   0.175   
OH_Au_211_bridge1-s   1.161   2.99   2.959   1.01   3.35   8.0   2   -3.168   1.377   1.451   9.828   5.28   9.226   2.309   9.734   1.24   2.54   0.088   0.247   
OH_Ag@Cu_211_top-s-1   0.939   2.985   2.95   0.89   2.26   9.0   1   -4.141   1.131   3.339   20.245   4.427   7.576   1.304   9.785   0.887   1.93   0.043   0.259   
OH_IrRu_211_bridge2-s-2   -0.635   2.743   2.689   1.065   4.16   7.0   2   -1.446   2.214   0.595   4.915   5.189   8.241   1.305   7.398   1.005   2.2   1.807   0.322   
OH_Au@Ni_211_bridge1-t-2   0.251   2.502   2.505   0.71   1.16   9.5   2   -1.261   1.844   2.593   16.503   4.945   7.64   1.157   8.712   1.29   1.91   1.919   0.13   
OH_Pd@Ir_211_top-s-2   -0.189   2.753   2.692   1.08   4.45   7.0   1   -1.717   2.428   0.704   5.109   5.489   9.121   1.564   7.798   1.203   2.2   1.659   0.262   
OH_IrRu_211_bridge1-t-1   0.272   2.732   2.723   1.05   3.87   9.5   2   -1.43   2.39   0.415   4.033   4.889   7.361   1.046   7.036   0.983   2.2   1.624   0.113   
OH_Ni_211_bridge2-t   0.167   2.502   2.482   0.71   1.16   9.0   2   -1.277   1.81   2.612   16.567   4.945   7.64   1.157   8.802   1.277   1.91   1.91   0.145   
OH_Pd@Ir_211_bridge1-s-3   0.367   2.753   2.7   1.08   4.45   8.0   2   -1.851   2.611   0.796   5.179   5.489   9.121   1.564   7.727   1.25   2.2   1.483   0.191   
OH_Pt@Rh_211_top-t-2   0.445   2.734   2.703   0.99   3.32   9.0   1   -1.492   2.361   1.893   10.719   5.078   7.459   1.143   7.858   1.093   2.28   1.878   0.136   
OH_Pt@Rh_211_bridge2-s-2   -0.355   2.734   2.696   0.99   3.32   7.0   2   -1.293   2.108   1.809   11.161   5.078   7.459   1.143   7.953   1.01   2.28   2.157   0.231   
OH_PtRh_211_bridge2-t-2   0.604   2.786   2.761   1.015   3.61   9.0   2   -1.809   2.22   1.459   8.591   5.414   8.209   1.634   8.33   1.166   2.28   2.02   0.134   
OH_Ag@Cu_211_bridge1-s-3   0.196   2.603   2.563   0.67   1.0   8.0   2   -2.364   1.043   1.596   14.183   4.719   7.726   1.236   9.774   1.204   1.9   0.097   0.266   
OH_AgPd_211_top-t-1   0.92   2.819   2.865   0.94   2.78   9.0   1   -1.39   1.404   1.099   10.299   5.21   8.337   0.562   9.409   0.818   2.2   0.614   0.152   
OH_Rh_211_fcc-t   0.708   2.734   2.725   0.99   3.32   9.667   3   -1.496   2.419   1.95   10.919   5.078   7.459   1.143   7.858   1.13   2.28   1.796   0.116   
OH_Pt_211_fcc-s   0.995   2.838   2.807   1.04   3.9   8.333   3   -1.989   2.003   0.825   5.621   5.75   8.959   2.125   8.786   1.167   2.28   1.766   0.145   
OH_Pd@Ir_211_top-s-1   0.801   2.819   2.792   0.94   2.78   7.0   1   -2.114   1.598   0.552   5.952   5.21   8.337   0.562   9.205   0.831   2.2   0.699   0.173   
OH_Ag_211_bridge1-t   0.604   2.985   2.978   0.89   2.26   9.5   2   -4.055   1.127   3.251   23.498   4.427   7.576   1.304   9.843   1.177   1.93   0.041   0.272   
OH_Au_100_bridge   0.845   2.99   2.987   1.01   3.35   8.0   2   -3.129   1.286   1.277   9.087   5.271   9.226   2.309   9.707   1.213   2.54   0.08   0.227   
OH_AgAu_211_bridge2-s-1   0.571   2.988   2.941   0.95   2.805   7.0   2   -3.514   1.131   2.084   14.99   4.854   8.401   1.807   9.79   1.114   2.235   0.053   0.268   
OH_AgAu_211_bridge1-t-4   1.067   2.988   2.979   0.95   2.805   9.5   2   -3.629   1.294   2.2   14.39   4.854   8.401   1.807   9.747   1.235   2.235   0.067   0.24   
OH_Au_211_fcc-s   1.168   2.99   2.967   1.01   3.35   8.333   3   -3.182   1.396   1.458   9.76   5.28   9.226   2.309   9.734   1.254   2.54   0.091   0.242   
OH_Rh_211_fcc-s   0.27   2.734   2.703   0.99   3.32   8.333   3   -1.426   2.27   1.892   10.993   5.078   7.459   1.143   7.906   1.063   2.28   1.918   0.171   
OH_Au@Ni_211_hcp-t-1   0.28   2.502   2.511   0.71   1.16   9.333   3   -1.235   1.826   2.533   16.381   4.945   7.64   1.157   8.689   1.283   1.91   1.907   0.137   
OH_IrRu_211_bridge2-t-1   0.265   2.743   2.704   1.065   4.16   9.0   2   -1.695   2.46   0.678   4.584   5.189   8.241   1.305   7.319   1.106   2.2   1.54   0.149   
